-2.508043 7.864081
0.466618 3.865713
-2.940626 8.564806
-2.899947 1.850140
2.344388 1.310534
0.873051 4.714386
0.840320 5.440679
1.662879 -2.148479
0.858106 3.623609
-0.721836 4.691068
-2.912429 7.708891
2.553958 1.945636
-1.803727 4.041788
-1.293369 7.914582
1.122478 2.140983
-2.892067 4.864981
-2.423274 0.955150
-1.210138 7.256542
0.433409 4.719837
2.611230 1.790138
-0.637628 4.091047
-0.389152 7.025833
2.422812 1.087975
0.610327 -0.312879
0.051052 1.274540
-2.246845 2.024308
2.031844 1.976858
1.500958 0.427026
1.852371 0.787781
-2.007153 3.853990
2.725838 0.190158
1.132777 4.535968
-1.456541 9.409831
-0.560136 3.425950
0.142278 6.194111
3.139506 5.640315
-1.737981 7.556163
2.102906 3.223856
-0.122358 3.064323
-0.849442 2.969703
1.315174 6.324831
-0.171199 3.865967
0.607088 4.064408
-1.566172 1.968949
-1.972184 6.715832
0.622838 2.687313
1.256712 3.310664
-0.929137 8.142725
-1.471733 3.216860
0.067507 3.879470
3.280138 0.962520
2.128602 5.383406
0.842569 5.381531
-1.311938 3.015101
-1.519463 6.518285
1.377242 2.195509
-0.653928 4.766570
-0.181085 3.991495
-1.605127 8.381117
-0.397725 6.996336
-0.184337 1.299163
1.522565 1.988413
-1.700368 2.407853
-2.152461 3.910019
-0.093552 3.336280
0.718508 7.639226
2.295407 3.421369
-1.137810 4.088923
-1.780250 6.879202
-1.308543 8.113541
-1.143024 7.743801
-1.020910 9.449710
-0.430278 7.556546
0.133704 1.501279
0.785617 3.908938
-1.033015 6.829094
0.818603 6.560511
-0.264620 7.749845
-2.730639 3.334926
2.996185 1.302868
-0.009241 2.831952
-1.576720 4.957406
1.554792 4.653442
0.622671 2.827638
1.601463 1.300928
-1.682902 4.910107
0.163124 2.577505
2.075930 4.959051
-2.636382 2.370364
-1.394992 0.937317
-1.891208 7.985575
-2.570034 2.060804
-3.419266 2.740069
-2.022551 7.566070
0.236670 5.711570
-2.390157 6.524490
-0.695553 3.405855
-0.008145 1.746722
1.131218 4.681950
1.790790 4.362713
2.414772 0.753097
-0.762407 2.649510
1.590349 5.225994
1.607102 0.248326
0.936987 3.135694
-2.151931 2.527490
0.665384 4.401187
0.492374 7.541975
-0.795245 2.852394
1.116286 1.914685
0.172860 3.614238
1.184545 5.280426
-1.317055 1.677258
-1.397022 7.931464
-0.756067 3.161050
-0.758133 2.496555
1.256195 4.205637
-2.387166 3.246184
-0.308906 0.917998
1.793622 0.715419
1.237774 -0.503684
-2.288855 7.519857
-1.319633 3.225615
0.281228 3.354521
0.206354 4.843037
2.584313 1.320292
0.541117 6.153051
-0.367125 8.868449
-1.459387 3.695486
1.693668 1.962249
1.206947 0.571994
1.762598 3.837368
-1.733849 2.239787
1.616402 2.686831
-0.023945 2.759016
0.591390 4.398139
-1.365345 4.481287
0.791216 3.496139
2.660388 1.793220
0.173720 8.291823
2.991666 0.372023
-0.446204 5.988928
2.754648 -0.163559
0.231515 3.477349
-0.038406 6.429355
0.313024 6.895190
1.690212 -0.893664
0.348183 3.822760
-1.278112 7.717289
-2.037358 7.836708
0.707342 0.136090
0.959250 4.682939
0.292259 5.963338
1.352696 3.204387
-1.859006 2.196451
1.838866 1.648168
1.250786 3.412872
0.340424 4.980221
1.953570 0.916943
-0.904385 2.286690
-2.205414 8.849432
1.630604 0.067699
0.338833 3.906516
0.934099 4.016900
0.236707 5.846802
1.402529 4.980695
-0.144562 8.235991
-2.087385 8.825581
1.262614 4.912631
1.997798 0.506447
-0.752743 2.143423
2.598579 1.336707
2.067500 2.466923
1.987992 -0.420732
-2.406065 2.686781
0.915465 1.682621
-1.320214 3.448925
1.397341 1.866546
2.827962 -0.763935
0.379956 4.251220
-1.853465 2.909672
0.576821 4.673843
-1.309724 2.996093
-0.357988 2.957070
1.797856 4.309080
-1.274101 2.509868
2.918787 0.092910
0.057917 3.565850
2.410025 1.514550
0.154589 8.171305
-1.876686 4.941354
0.193641 4.193398
1.454610 2.449907
2.044122 0.909163
-0.218235 2.892084
-2.216338 8.312528
-0.702347 3.449061
-1.230740 8.159086
-0.794480 2.542660
-1.105986 3.164484
0.924326 2.706676
1.667809 4.998536
0.282677 7.927908
-1.895309 8.006704
1.680120 -0.328533
2.129854 -0.179435
-2.844621 3.458890
1.332636 5.010360
-1.165645 7.013925
0.684433 3.542295
0.437537 6.187414
-0.990307 3.322578
-0.196853 6.247409
-2.045031 9.383527
-0.590775 3.596262
2.496265 6.023377
1.845234 4.580659
4.172059 -0.713215
2.092273 1.665566
-0.735339 5.294221
1.433686 3.339175
0.020325 3.957806
1.852103 4.188680
-1.832349 8.170566
-1.279294 3.281280
0.865729 5.323960
2.104864 4.799788
-0.178868 3.825581
-2.117118 8.491851
-1.208184 7.507705
-0.150556 3.573110
0.234362 3.671978
0.080804 4.690690
3.246025 2.849422
-1.334175 3.614321
0.231011 1.201268
-2.007146 2.394631
0.312911 -0.405579
4.649692 0.493631
-1.560223 1.387079
1.749523 3.119907
-2.092402 3.393914
0.109564 -0.015120
2.503463 2.593845
-0.321697 8.393542
-2.010617 6.388520
-1.390943 6.607824
-2.056973 6.731336
-1.203090 9.694806
-0.335054 10.046764
1.103182 4.705777
-1.915058 2.857954
-1.589934 7.859751
-1.104324 3.465363
-3.684973 4.236433
3.648038 0.639091
-1.003642 2.380299
-0.330257 5.961918
-0.549120 7.536700
-0.730000 6.254563
3.084203 0.825377
-1.309999 7.388624
0.843390 4.005996
2.085869 0.828022
-2.105958 7.970915
-1.372235 3.959451
0.323861 3.912834
-2.093344 2.610191
-2.839704 7.838682
3.077058 0.345123
2.778368 0.922276
0.535347 4.023432
2.731728 0.515655
-2.305088 4.654657
0.922909 8.497534
-1.055042 9.132802
-1.525433 2.151177
-1.238070 10.033756
-1.928139 2.117800
0.406958 4.573692
2.290089 3.029817
-2.806254 7.328425
-0.487808 3.396977
1.674727 4.307558
-0.694253 3.244948
-0.756231 2.787443
-1.112813 2.410648
1.470012 4.187683
1.153667 2.717074
-1.220746 10.067476
2.294850 0.527862
-1.287758 4.315779
1.834194 5.444889
-2.087888 6.467215
-1.901540 7.913974
2.419749 2.368986
-2.084112 6.893366
-0.314319 1.761716
1.908118 4.643752
-2.350486 7.810911
1.326223 1.094221
-2.083448 6.888720
-3.685820 8.950385
-1.588542 1.485147
-0.230754 3.534342
0.339506 7.192202
-0.656364 2.736020
1.073995 4.886741
0.684508 1.763317
2.470349 4.098629
0.562651 3.556333
-0.564527 4.367049
-1.888981 6.701148
2.279111 1.227287
-2.606247 2.803657
2.206561 5.506167
-2.116133 2.469417
1.157867 2.210134
1.500161 4.392209
-2.080442 8.007799
-0.514988 4.743179
0.904864 8.303765
2.250337 -0.883899
-1.092096 3.457977
-1.576228 3.156916
3.235579 4.261530
-0.830402 7.795441
2.496300 1.076457
-1.058553 9.538030
3.067110 0.239713
-2.700161 8.217663
3.133465 -1.661521
-1.744051 9.052038
-2.283398 3.219396
-1.439373 3.856629
-0.624802 8.726132
1.533688 -0.287023
1.648565 4.711249
2.352001 1.727650
1.642653 3.843068
-1.647311 1.438566
0.908028 6.017130
0.618427 8.592928
1.359003 4.269545
2.380137 1.894782
1.398804 -1.936891
0.422844 0.830530
1.632953 1.002378
1.603964 1.163352
2.219196 0.993985
-0.603107 2.785314
1.670622 0.453828
-1.021517 3.277131
1.585235 0.680932
2.899212 5.784302
-2.874578 7.700638
2.461683 0.704487
-0.950741 7.879482
-1.329067 7.131601
2.442849 5.156339
1.737308 4.425462
3.280187 3.243772
2.489598 4.856919
-1.220494 7.409918
-2.219426 9.261777
-0.566856 2.501383
-2.897473 9.234022
-0.239658 8.363057
-0.781966 9.550292
-0.606668 4.914167
-1.106449 9.668895
1.813248 2.415925
0.295011 2.842232
-3.045420 7.033207
0.104693 3.295641
2.095034 -0.669331
0.051961 2.122382
2.715143 5.298182
-1.908198 8.048477
-0.379249 8.019641
-1.209347 8.462024
1.497335 3.727999
-1.014068 2.591564
1.202682 0.920623
3.426257 0.387820
2.997736 0.630069
-1.646168 8.618039
-2.796510 8.367435
-1.302652 1.239194
-2.171079 6.384122
0.828646 1.865110
-0.314076 6.443955
3.810254 0.764675
-1.611694 8.614511
-3.538784 3.507586
-3.427187 7.205810
-0.099905 6.924610
2.810663 1.765071
1.964886 2.265261
-0.094483 5.358239
0.183312 9.297674
-1.427699 4.494181
-0.787461 7.434474
-4.304263 4.069616
-1.600024 1.620503
1.255845 1.138451
0.332652 2.080384
-0.212589 3.796971
-0.072283 2.883769
-1.229628 8.889785
-2.875317 4.182866
1.723458 3.114842
-1.242589 3.333283
-1.275906 3.972640
-1.379470 1.940417
1.742933 4.660080
0.284220 5.840164
-0.830455 6.595244
1.835726 -0.186373
-0.781876 7.741068
0.063448 5.420804
-1.395330 1.512322
-1.612020 2.353581
-2.721891 2.417473
-0.949542 8.746106
1.014901 2.647072
-1.846406 6.315421
-1.032703 8.403467
0.708537 3.175776
0.323976 3.782598
0.247755 2.524729
1.048436 2.579240
-4.521517 3.798820
-2.305729 7.279475
-1.989122 7.227169
2.340802 3.614338
-0.984293 3.633821
-0.779621 4.754722
3.456612 0.487282
-1.207174 8.428926
1.522778 1.542719
-1.308618 7.124419
-1.409629 9.629909
0.091150 2.093473
-1.695118 3.295792
0.507406 2.102346
3.544623 1.418967
-0.294215 5.273184
0.478238 6.233319
2.509049 5.773146
-0.541587 3.684802
1.240186 9.531430
-0.179912 5.084985
-3.356933 2.222047
-1.776926 7.727456
1.519997 0.923069
-1.682928 3.966975
1.924214 2.030744
-2.241617 9.877532
0.775578 0.312232
0.890339 4.498080
0.756581 2.173739
-1.040137 3.764333
-0.801044 7.219339
-1.347264 6.784806
2.385303 3.123608
-0.958445 2.585070
-1.679352 8.408211
-2.253568 7.936867
1.198718 -0.643924
0.256666 3.490794
-1.501518 3.528274
0.281702 4.154153
0.015766 3.510670
3.672494 4.229863
0.914644 4.196482
1.274508 5.630173
2.372428 1.417704
-1.827688 2.257274
1.747676 5.333226
-2.309271 3.543001
-0.128113 4.355952
1.838318 1.343057
1.439400 4.582883
0.031556 6.949494
-1.304441 2.829507
-2.484051 1.569458
0.094366 7.095524
0.012313 7.735067
-0.709926 7.693015
-0.194078 8.786294
2.536383 3.657019
-1.851839 2.206576
-2.631521 2.886946
-0.796552 4.022461
4.066524 0.853068
-0.847370 7.825803
1.619585 2.733164
-0.257347 7.648751
1.118223 3.984459
1.648964 0.033619
-1.428526 3.299299
-2.558386 1.487891
-1.586938 9.870223
1.022029 4.116603
-3.335048 3.329217
2.280876 1.347376
-1.050428 7.933211
-1.979129 6.193757
-1.178735 3.581140
3.478251 1.293750
-2.973482 1.335197
3.381729 -0.066943
-2.886679 6.059071
0.723056 -1.070961
-2.781177 6.123490
-0.655942 2.039912
2.100402 3.237288
2.985676 0.722347
-1.678718 8.984839
-1.508112 2.324105
0.009488 5.748825
0.288432 3.089710
0.021509 7.125606
-0.057973 4.985382
0.465465 3.123155
-0.428600 2.780043
1.980600 1.156380
1.025765 4.797624
1.305577 0.930472
1.552861 4.095489
0.142347 3.219871
0.153268 7.993894
-1.689122 3.687312
-2.665912 1.703481
-2.973325 2.465532
-3.045712 6.772027
-1.984545 3.289693
-2.541730 2.315550
1.372277 3.210726
-2.971484 9.632999
1.559165 0.822859
2.065617 1.617697
2.339547 2.640332
1.543560 4.081112
-0.447791 3.810467
2.115162 0.685141
0.303810 3.944234
-0.640412 2.645751
-0.924196 2.323232
-2.779497 2.331562
2.297385 0.008943
0.378160 2.903105
0.341948 3.941046
-0.863932 8.845172
-2.672904 2.964948
-0.130972 6.271555
2.507757 0.995560
-2.172168 9.247612
-3.165711 2.184569
3.341252 -0.609335
0.876110 2.199092
0.458751 3.324957
-0.972589 7.127075
-1.257880 3.442800
-2.340500 2.396241
0.504838 1.314982
-0.053665 3.953844
1.217589 0.306481
-1.179657 7.563184
-2.572429 1.833026
-3.641960 4.323248
-2.978532 8.424202
-1.202121 6.877086
-0.470265 5.104085
-2.280608 3.055572
-1.216988 7.743348
-0.839023 2.967740
1.463865 2.022083
3.136644 0.266288
-1.312350 4.555272
1.950924 -0.090338
2.645147 0.533805
0.301937 4.335618
0.593535 0.214224
-1.082392 9.164601
-1.221517 8.018910
-1.335453 3.798393
2.274777 1.290727
1.378612 3.618977
2.115671 3.068962
-0.647514 3.553307
-1.210128 8.348178
1.840706 3.561622
-0.688957 6.771764
1.347095 4.445849
-1.718998 8.108256
0.951944 3.565756
-2.499307 4.264103
-2.340698 1.468765
-1.162079 10.026358
-1.408196 7.003503
-2.225151 7.245880
-1.592452 7.582749
1.856869 0.991856
0.877639 -0.242533
1.748061 5.127291
-1.196371 2.772608
0.581041 3.144367
-1.411511 7.749005
-0.788671 8.115518
1.125111 0.719075
1.547750 -0.154216
0.628358 4.460136
-0.644119 6.205876
-2.049523 3.960860
0.088484 2.322991
2.106222 -0.896566
-0.929998 1.930596
-2.317427 2.010582
1.886449 4.621006
-0.041772 4.225933
1.509556 -0.986922
-1.928462 2.449406
-2.757917 7.558069
-1.240638 8.722325
1.999915 0.633726
-2.854695 6.462406
-2.548603 7.031610
-0.570699 9.142644
1.350346 1.577639
2.164300 4.620730
-1.448609 6.121414
-1.414346 2.262337
-2.461124 8.119230
-2.299676 3.799939
1.372318 7.087987
1.120314 5.758061
1.499547 4.132241
2.408084 0.744889
2.596041 -0.920414
2.584211 1.143811
-1.367654 0.959333
-0.202545 2.745681
1.556251 0.919015
0.512674 4.785269
0.005166 4.618605
-0.316587 4.570838
1.375316 1.531195
-0.339637 3.842203
-1.403292 7.901520
-2.254293 7.013910
-1.242113 2.608505
0.611577 4.460491
-0.259492 3.417380
1.137263 1.150160
-2.238927 6.832791
-1.296600 7.227359
-0.249165 5.148150
0.185401 2.125767
0.207552 7.890952
1.670043 4.144214
-1.258312 9.073467
-1.226398 7.877999
-1.994397 2.055389
1.601502 2.701730
2.745697 1.694336
-2.326818 2.697806
-0.381642 3.264377
1.705361 4.432770
-1.928202 2.601227
-1.655146 2.646111
-0.470979 7.544419
0.162906 2.837363
-1.188679 3.569664
-1.421997 3.051795
2.775251 -0.205243
1.776835 4.382048
1.117387 1.330772
-2.365205 7.800163
3.015961 2.226727
-4.329107 1.729458
1.289338 3.449692
0.695487 0.856263
-3.369432 5.996613
1.175570 4.253184
1.944778 -0.763036
2.268748 -0.310910
-2.282367 1.716681
-1.459412 2.934220
0.769366 5.183966
-1.046480 1.949696
-1.069594 3.880224
-0.403260 7.159866
0.317717 3.789553
-2.525753 2.177745
-1.618420 6.876205
1.911688 0.515638
1.832791 0.038744
1.832662 -0.015416
3.236646 0.265760
1.689716 1.835756
-1.513664 2.795937
-2.949699 4.840207
2.859421 2.956028
0.377616 3.187890
-2.628687 7.299545
2.363599 -0.480420
-1.007052 8.963244
1.925691 4.391339
1.266598 1.992302
-2.731139 6.526048
2.562506 0.781434
-0.605201 8.423685
2.076554 5.601809
2.950528 2.272628
2.509049 -0.932077
-1.118333 4.427509
3.466440 1.683467
-0.774957 3.480872
-0.246925 8.432673
1.999135 0.896279
0.999464 4.687804
1.833101 3.652762
-1.927849 7.271142
2.326438 0.096167
1.252126 0.433326
0.066882 7.512003
2.253235 1.979599
-1.648605 6.363137
3.027803 3.031532
1.420133 4.637462
-1.097438 7.579989
0.103463 0.237772
1.262981 0.366058
-0.772913 3.983198
1.441933 2.767544
1.897129 4.622515
-2.932773 8.642024
1.249641 -0.220648
0.664718 4.359953
0.960588 4.464715
0.367037 0.785198
-0.481881 3.516922
1.110899 1.135767
-1.054414 6.368280
-2.231374 6.937138
-1.334040 1.760865
1.107779 1.142107
-0.960359 3.064187
-0.486818 3.082526
2.040410 1.719070
-0.331034 7.778417
1.196295 -0.001278
2.170415 0.518516
2.470755 2.233802
-1.782862 2.569836
2.523653 2.633543
0.081618 2.356304
3.089677 -0.098549
-1.980984 3.003834
2.867942 1.484923
1.709018 0.103027
2.063895 1.424668
3.383050 0.796382
0.588943 4.001485
-1.975671 1.173695
-1.428237 3.115063
2.019499 3.278409
1.387547 1.224626
-1.035669 9.382492
-0.801232 7.941180
0.708267 5.106244
1.387555 2.579585
3.440529 0.594565
1.813930 0.019473
-1.996215 3.793578
2.932182 4.693881
2.991713 0.862568
0.700600 3.594059
1.940492 1.206415
1.831009 0.595414
-1.351469 6.784070
-1.609369 8.444422
2.421116 2.195489
3.320345 1.109161
2.843829 5.209832
-1.715697 6.975307
-2.832729 8.679914
0.031824 3.893738
4.552468 -1.347658
-0.348202 9.637702
0.073364 2.729047
0.374049 0.008692
4.401915 -0.381497
-2.103496 9.092680
1.684564 -0.047952
-1.431161 8.731708
-1.028177 2.179950
1.142944 4.938819
-2.613014 7.813590
-0.068983 5.514933
-1.582047 7.815331
-1.604207 10.375692
-2.063531 9.636674
0.552871 -0.880003
2.239193 0.512174
-1.944381 1.820386
1.358941 0.607267
-0.805410 8.053857
-2.037830 3.692611
-0.276525 5.081278
1.122527 -0.365405
-0.422884 7.537137
0.520738 4.321266
2.521434 0.527421
0.628819 3.722519
-1.091358 2.318658
1.923359 1.302425
-1.287037 3.076841
0.107187 7.437312
1.367968 0.780189
-3.109398 5.161484
-2.902088 3.418874
1.395211 1.073483
-1.120247 4.119580
-0.866799 3.825813
-1.432012 8.660078
-1.493814 2.063721
-2.531227 1.919691
2.106842 1.764940
0.837329 0.592700
-2.527234 4.591868
2.238607 2.568607
0.537081 4.485126
0.509425 2.886881
1.297397 0.847580
-2.055774 3.091594
-2.019040 7.354615
-0.919792 1.869712
-1.366243 1.965237
0.986770 6.089658
0.121600 1.367868
1.203538 2.720387
2.076330 0.997118
1.289565 1.453451
-1.818546 1.176859
-0.822793 1.422203
-0.992703 3.235767
-1.562647 3.253898
-2.307208 3.188995
-0.754612 8.322475
-0.605496 3.378697
-1.766201 2.671089
-1.234507 5.990759
3.209452 1.070168
0.667156 4.070321
2.619276 -0.386889
-0.648886 7.579143
0.649305 0.307606
-1.939176 2.514423
0.496614 4.924146
-2.422720 3.466210
0.271570 5.247048
-2.561105 9.250334
1.778835 0.638087
-2.010154 2.920453
2.624405 4.468015
-1.187845 2.328250
-0.078358 5.124035
2.155050 4.123862
-1.676958 7.197619
-1.530452 6.677257
2.532166 1.046113
-1.264035 7.343730
1.707306 -0.455725
-1.815909 0.919243
1.649326 1.622032
-1.240891 3.896450
-0.641716 4.391647
1.549909 0.081872
1.668397 0.387371
1.919316 1.564110
0.115044 6.213852
2.282660 -0.119075
-1.827383 2.562854
-2.381849 8.832220
-0.960010 4.492566
2.072617 4.069572
-2.076403 1.819312
-2.867616 7.324420
1.293153 0.009884
2.044779 3.850402
-0.792103 7.477881
1.022624 0.460915
-0.717724 1.719789
-1.049266 9.824192
0.846163 4.397741
2.708991 4.988288
3.359415 5.248267
-0.792268 4.659269
-1.982729 4.344041
-1.147675 8.374621
0.250673 2.920423
0.948088 4.732119
2.283321 1.099144
-1.696662 2.783749
0.622276 2.928836
2.525701 1.209111
-2.903600 7.989104
-1.136539 4.506413
0.667257 2.627784
-1.043169 8.996994
1.817901 4.054329
1.136154 1.090418
-0.817485 7.685568
1.743291 0.057373
0.573093 5.526232
0.212126 2.865996
-2.446555 5.560818
-1.207472 2.780103
-0.188880 5.204614
-2.130744 1.768328
2.553320 0.871471
1.153696 3.902006
0.907657 0.539550
0.473453 6.716241
0.877818 3.640309
1.905775 4.886012
2.875589 2.257612
1.996681 0.580121
2.464522 6.199677
-0.189229 6.812896
3.085706 -1.149660
-1.180622 7.372438
0.930566 4.524295
-0.918748 4.032845
-1.555433 2.593152
-3.017169 4.414022
3.380282 1.102996
0.453431 0.010483
1.408086 1.369911
0.793896 3.034973
0.105473 3.724938
1.042787 4.606259
-0.279511 7.105103
-0.694128 7.165334
-0.528588 7.587041
-2.139530 2.095054
-0.134386 3.955468
2.385844 1.846910
0.068972 4.355733
-2.260030 7.920428
2.280849 2.286809
2.342172 -1.422931
-0.374944 9.035196
-0.860937 0.383328
-1.001607 8.443453
-1.867596 1.654709
1.923522 4.148777
-3.008150 1.645324
-1.651444 8.784866
-0.844360 9.772172
-0.294066 8.379605
-0.892552 7.358174
1.666088 5.605634
-0.505679 3.626578
-0.409599 2.398982
0.378954 4.065866
-1.217709 7.798576
1.644071 3.107382
-1.124278 1.141994
-1.024576 2.055615
4.069328 0.590898
-0.305519 2.725040
0.412302 0.491592
2.992010 2.309991
-0.511239 3.618924
-0.527529 -0.256287
-1.588957 4.177049
2.667195 -0.443833
-1.353235 9.202875
2.811008 0.358531
-1.554208 7.396986
-0.371529 6.008549
-0.430394 8.073660
-2.852994 9.294175
-0.986781 5.208349
-1.280138 4.443840
0.633348 2.895620
-1.091780 7.619116
2.407048 1.276899
-0.473233 8.268298
2.330868 2.332713
-0.566347 3.143723
-0.995924 7.444662
-1.161673 9.254715
-1.135518 8.492728
-1.229334 7.753426
3.904859 0.683497
