2.631858 0.689365
0.080804 4.690690
3.002519 0.742654
-0.637628 4.091047
-0.072283 2.883769
0.628358 4.460136
-2.674373 2.480062
-0.577483 3.005434
2.727562 1.305125
0.341948 3.941046
1.705361 4.432770
2.206561 5.506167
2.520930 -0.638580
2.509049 5.773146
-2.271659 2.091444
3.922826 1.803708
-1.625357 2.254404
0.163124 2.577505
-1.595146 4.631225
-2.631287 2.970047
-2.170522 0.694479
-1.566187 1.749789
-0.886772 1.300926
0.088484 2.322991
0.984515 1.952115
2.182180 1.299653
1.285351 1.436913
0.890118 1.798490
-1.896086 2.678503
-0.755113 3.741386
1.120314 5.758061
3.543520 2.793553
1.641649 0.150209
2.470349 4.098629
-1.982437 2.935361
0.856241 3.862362
0.873051 4.714386
1.380935 0.929494
2.411634 1.604237
-2.266467 4.460897
-0.400268 1.837951
2.457609 0.212854
2.353506 2.224050
-0.730000 6.254563
1.131218 4.681950
0.466618 3.865713
1.184470 0.318814
1.360700 0.748029
-2.439726 4.034899
-1.003627 2.746336
0.636332 4.254410
1.419421 1.574097
0.068972 4.355733
2.263542 1.874303
-2.024936 4.847414
-0.670073 2.266857
3.234047 0.717739
2.065768 2.683534
1.022029 4.116603
3.938418 -0.450095
0.784783 1.867060
-2.819761 3.184933
-2.330314 2.228332
-1.360231 3.552914
-3.018162 3.357274
1.652091 2.120109
1.737308 4.425462
-2.527119 1.373111
1.743715 0.953829
1.926358 4.152430
-0.606045 3.236610
3.246025 2.849422
-1.576720 4.957406
3.978210 2.378178
1.194042 2.807729
2.115671 3.068962
1.153696 3.902006
0.303810 3.944234
-1.880898 1.542931
2.431693 -0.201737
-0.276525 5.081278
1.042787 4.606259
1.787264 1.700120
-0.653928 4.766570
0.882144 2.841285
1.420133 4.637462
0.948088 4.732119
0.465465 3.123155
2.669347 1.819870
0.588943 4.001485
1.620114 2.746927
2.451274 -0.195398
-0.427244 3.573146
-2.561147 3.599477
-2.842811 2.456298
-0.338874 3.234825
1.289338 3.449692
1.840706 3.561622
-0.901673 1.315825
-2.752340 3.762245
