2.631858 0.689365 1.000000
0.080804 4.690690 0.000000
3.002519 0.742654 1.000000
-0.637628 4.091047 0.000000
-0.072283 2.883769 0.000000
0.628358 4.460136 0.000000
-2.674373 2.480062 2.000000
-0.577483 3.005434 2.000000
2.727562 1.305125 1.000000
0.341948 3.941046 0.000000
1.705361 4.432770 0.000000
2.206561 5.506167 0.000000
2.520930 -0.638580 1.000000
2.509049 5.773146 0.000000
-2.271659 2.091444 2.000000
3.922826 1.803708 1.000000
-1.625357 2.254404 2.000000
0.163124 2.577505 0.000000
-1.595146 4.631225 2.000000
-2.631287 2.970047 2.000000
-2.170522 0.694479 2.000000
-1.566187 1.749789 2.000000
-0.886772 1.300926 2.000000
0.088484 2.322991 0.000000
0.984515 1.952115 1.000000
2.182180 1.299653 1.000000
1.285351 1.436913 1.000000
0.890118 1.798490 1.000000
-1.896086 2.678503 2.000000
-0.755113 3.741386 2.000000
1.120314 5.758061 0.000000
3.543520 2.793553 1.000000
1.641649 0.150209 1.000000
2.470349 4.098629 0.000000
-1.982437 2.935361 2.000000
0.856241 3.862362 2.000000
0.873051 4.714386 0.000000
1.380935 0.929494 1.000000
2.411634 1.604237 1.000000
-2.266467 4.460897 2.000000
-0.400268 1.837951 2.000000
2.457609 0.212854 1.000000
2.353506 2.224050 1.000000
-0.730000 6.254563 0.000000
1.131218 4.681950 0.000000
0.466618 3.865713 0.000000
1.184470 0.318814 1.000000
1.360700 0.748029 1.000000
-2.439726 4.034899 2.000000
-1.003627 2.746336 2.000000
0.636332 4.254410 2.000000
1.419421 1.574097 1.000000
0.068972 4.355733 0.000000
2.263542 1.874303 1.000000
-2.024936 4.847414 2.000000
-0.670073 2.266857 2.000000
3.234047 0.717739 1.000000
2.065768 2.683534 1.000000
1.022029 4.116603 0.000000
3.938418 -0.450095 1.000000
0.784783 1.867060 1.000000
-2.819761 3.184933 2.000000
-2.330314 2.228332 2.000000
-1.360231 3.552914 2.000000
-3.018162 3.357274 2.000000
1.652091 2.120109 1.000000
1.737308 4.425462 0.000000
-2.527119 1.373111 2.000000
1.743715 0.953829 1.000000
1.926358 4.152430 0.000000
-0.606045 3.236610 2.000000
3.246025 2.849422 0.000000
-1.576720 4.957406 0.000000
3.978210 2.378178 1.000000
1.194042 2.807729 1.000000
2.115671 3.068962 0.000000
1.153696 3.902006 0.000000
0.303810 3.944234 0.000000
-1.880898 1.542931 2.000000
2.431693 -0.201737 1.000000
-0.276525 5.081278 0.000000
1.042787 4.606259 0.000000
1.787264 1.700120 1.000000
-0.653928 4.766570 0.000000
0.882144 2.841285 1.000000
1.420133 4.637462 0.000000
0.948088 4.732119 0.000000
0.465465 3.123155 0.000000
2.669347 1.819870 1.000000
0.588943 4.001485 0.000000
1.620114 2.746927 1.000000
2.451274 -0.195398 1.000000
-0.427244 3.573146 2.000000
-2.561147 3.599477 2.000000
-2.842811 2.456298 2.000000
-0.338874 3.234825 2.000000
1.289338 3.449692 0.000000
1.840706 3.561622 0.000000
-0.901673 1.315825 2.000000
-2.752340 3.762245 2.000000
